camera_matrix:
- [1459.0463095046975, 0.0, 221.99724902149654]
- [0.0, 1457.7608434450087, 379.9541910536944]
- [0.0, 0.0, 1.0]
dist_coeff:
- [0.2942459532760903, -9.845317342352258, 0.005906506413009328, 0.023811399729976916,
  56.77328238716481]
